acc = 0.94512
acc_and_f1 = 0.9452075279106857
f1 = 0.9452950558213715
